The Camera to World Matrix (C2W) is a fundamental concept in computer graphics and 3D modeling, pivotal for understanding how objects are positioned and oriented in a scene relative to the camera. This matrix transforms coordinates from the camera's perspective to the world coordinate system, enabling accurate placement and orientation of objects within the 3D environment.

### Structure of the Camera to World Matrix

The Camera to World Matrix is typically a 4x4 matrix consisting of two main components:

1. **3x3 Rotation Matrix**: This portion of the C2W matrix determines the orientation of the camera in the world space. It defines how the camera is rotated around the x, y, and z axes, allowing it to look in any direction from its position.

2. **Translation Vector**: The last column of the matrix (excluding the final row) represents the camera's position in world space. This 3-element vector defines the camera's location along the x, y, and z axes.

The final row of the matrix is usually set to `[0, 0, 0, 1]`, which is a standard part of homogeneous coordinate systems used in 3D graphics for enabling translations through matrix multiplication.

### Example Explained

#### Camera to World Matrix 1 (C2W1)

```plaintext
C2W1 = | 0.3430 -0.8595  0.3789  3.7897 |
       | 0.9393  0.3139 -0.1384 -1.3840 |
       | 0.0000  0.4035  0.9150  9.1500 |
       | 0.0000  0.0000  0.0000  1.0000 |
```

- **Rotation Part**: The upper left 3x3 portion (`[[0.3430, -0.8595, 0.3789], [0.9393, 0.3139, -0.1384], [0.0, 0.4035, 0.9150]]`) dictates the camera's orientation. It specifies how the camera is rotated around the world's axes to face a certain direction.
- **Translation Part**: The fourth column (`[3.7897, -1.3840, 9.1500]`) indicates the camera's position in the world. It shows that the camera is located at x=3.7897, y=-1.3840, z=9.1500 in world coordinates.
- **Homogeneous Row**: The last row is `[0, 0, 0, 1]`, enabling the matrix to work in a 4-dimensional homogeneous coordinate system, which is standard in 3D graphics for simplicity and efficiency in transformation calculations.

#### Camera to World Matrix 2 (C2W2)

```plaintext
C2W2 = |-0.7054 -0.5777  0.4107  4.1074 |
       | 0.7088 -0.5749  0.4087  4.0874 |
       | 0.0000  0.5795  0.8150  8.1500 |
       | 0.0000  0.0000  0.0000  1.0000 |
```

This matrix follows the same structure as C2W1 but represents a different camera orientation and position in the world space. The specific values in the rotation part and the translation vector place and orient this second camera distinctively from the first one.

### Significance

Understanding and applying the Camera to World Matrix is crucial for 3D rendering and visualization tasks. It ensures that objects can be accurately placed and viewed from any camera position and orientation, which is essential for creating realistic and immersive 3D scenes and applications.